$ 1 0.000005 13.097415321081858 50 5 50
r 720 144 720 304 0 100
w 720 336 720 352 0
w 720 416 720 352 0
w 608 144 640 144 0
w 640 144 720 144 0
f 672 320 720 320 0 0
w 640 320 672 320 0
w 560 416 528 416 0
v 528 416 528 144 0 0 40 170 0 0 0.5
w 528 144 608 144 0
v 528 464 528 416 0 0 40 100 0 0 0.5
g 528 464 528 480 0
r 640 320 640 416 0 1000000
w 560 416 640 416 0
w 640 416 720 416 0
c 640 320 592 320 0 1.0000000000000001e-7 97.50323997032592
R 592 320 560 320 1 2 100 2.5 2.5 0 0.5
o 6 64 0 551 320 0.00009765625 0 -1
o 0 64 0 549 5 0.1 1 -1
